MINN.HUB
Day Ahead, Real Time, NN Output

Day1
25.67, 25.23, 28.2452730762
23.07, 21.72, 30.4167215328
22.83, 22.95, 27.5069324512
22.76, 21.54, 31.8828203125
23.46, 26.41, 19.2630375533
28.82, 25.57, 24.3452303324
36.73, 24.02, 70.6312724331
43.16, 29.26, 31.4735461837
46.33, 34.77, 27.4141711098
47.45, 36.74, 64.2032518391
48.49, 42.44, 39.6137849445
48.94, 72.27, 32.4722083389
48.02, 36.98, 42.1144326521
48.53, 40.46, 50.5276526733
48.78, 49.15, 38.330418465
48.09, 50.45, 33.6868075445
43.11, 50.44, 34.5867725022
38.72, 49.8, 34.3708667679
37.72, 46.54, 29.5912841216
44.87, 33.2, 32.6759274913
48.29, 49.54, 40.4180545806
39.11, 29.19, 40.9669404691
30.2, 25.88, 34.4540211653
27.35, 28.28, 29.3152294428

Day2
24.47, 22.51, 27.797870095
22.85, 22.98, 31.1268869146
22.68, 23.2, 28.3637366502
22.55, 22.48, 31.9075291764
22.8, 24.04, 18.9973522959
27.26, 56.5, 24.1218039591
35.35, 22.35, 70.5133489406
42.5, 27.91, 31.0681600888
42.4, 29.51, 27.0027641712
45.05, 33.2, 64.0149136897
46.87, 31.96, 39.779961967
46.41, 32.51, 32.5168610878
47.19, 31.15, 42.0850411434
47.94, 29.14, 50.7922500605
49.02, 30.08, 38.4163616381
47.25, 20.16, 33.5209748333
45.85, 23.85, 34.5220116867
41.08, 20.54, 34.3068772661
36.83, 23.83, 29.7903842913
43.49, 24.84, 32.9077891748
45.93, 22.89, 40.1423551286
37.25, 21.7, 41.8306586773
29.91, 17.53, 34.747503171
25.22, 11.83, 29.4866423091

Day3
23.18, 6.31, 27.8749273601
22.21, 14.31, 29.6891696796
21.9, 2.6, 26.2496246983
21.74, 5.26, 31.4146524935
22.57, 15.78, 20.5821833908
23.64, 22.31, 24.6112442214
33.58, 28.14, 70.5109102957
39.8, 41.69, 33.0953960373
42.71, 27.65, 28.3075123963
46.54, 28.45, 64.279725423
45.07, 36.28, 39.1900767609
43.11, 30.94, 33.4362760565
43.72, 33.98, 41.5145202007
43.55, 30.68, 49.360238797
41.41, 27.01, 38.3218052482
39.15, 27.26, 34.1283981915
37.31, 25.95, 33.8472346212
35.16, 26.0, 33.8302483079
36.54, 25.32, 29.8055669739
39.06, 27.57, 32.5636160234
43.53, 27.35, 39.7088798559
35.63, 25.73, 39.402302352
27.56, 24.38, 33.5436891967
25.15, 14.79, 29.028266155

Day4
19.43, 8.08, 25.6512130509
17.54, 3.91, 29.1293556808
15.63, 1.17, 24.8314348428
16.78, -9.2, 29.9079339801
18.59, -6.11, 23.7223220251
22.24, -0.28, 24.6819905284
31.41, 0.13, 70.0176012129
38.2, 14.15, 36.5212037687
41.93, 19.72, 29.8805988347
40.94, 25.63, 64.026620756
41.7, 22.98, 38.2855591237
42.14, 21.67, 36.0691837516
42.69, 15.17, 39.7938497865
42.56, 12.13, 46.8914120613
41.82, 13.46, 38.3341752683
37.21, 9.33, 34.6340180568
36.04, 11.77, 31.6427067863
33.93, 16.37, 32.0894843793
31.23, 12.83, 31.1042449345
33.01, 19.83, 32.8425810943
38.82, 22.32, 36.8865709251
33.89, 23.59, 36.9838619885
27.5, 24.85, 31.6638631999
23.0, 21.35, 28.6531399457

Day5
22.81, 19.2, 26.5510597445
20.77, 17.47, 29.6411596328
18.79, 20.23, 26.8321226176
18.95, 20.64, 30.4645388725
16.97, 21.64, 21.3716319339
18.32, 19.96, 24.0980193391
20.71, 22.41, 70.5349846016
23.09, 26.28, 33.1464778586
30.82, 27.74, 28.4633831155
32.34, 25.57, 63.9248212346
32.01, 24.76, 38.8511152211
31.36, 24.44, 33.7108773407
27.79, 23.88, 41.0912293528
24.79, 23.92, 49.434492597
23.77, 23.58, 37.9556722035
23.1, 20.0, 33.238881971
24.15, 22.68, 33.2799762584
23.16, 21.98, 33.1395850381
23.91, 23.05, 30.900493237
26.45, 31.29, 32.9930072739
35.66, 32.68, 38.2893233189
29.11, 26.71, 39.3253614904
24.81, 23.71, 33.2903316901
24.02, 22.39, 29.1252808389

Day6
22.78, 17.78, 41.8022161982
20.72, 19.27, 13.8756216847
20.45, 19.17, 13.951410427
20.46, 17.37, 31.9358217341
20.45, 20.33, 18.0757135723
21.08, 20.45, 27.2083825507
23.06, 31.2, 75.7945752294
26.99, 29.96, 29.223983885
33.36, 32.49, 32.6589211862
40.88, 27.49, 68.1531862926
35.26, 25.11, 36.8392428467
32.85, 24.74, 22.52312672
30.6, 22.73, 47.3537641639
25.59, 17.13, 53.6422362397
24.64, 15.06, 34.0694545109
24.08, 20.04, 31.5469999289
26.23, 38.9, 41.9857312637
27.45, 37.14, 39.1721355584
27.9, 23.56, 24.8462756461
40.79, 23.21, 27.6549139135
48.94, 23.32, 50.9354834855
43.02, 41.5, 27.3964633094
28.38, 17.61, 32.6705200789
22.9, 13.75, 26.9513204195

Day7
21.36, 18.64, 24.9467062011
19.99, 15.77, 27.0167211054
19.71, 12.33, 20.9540263872
19.81, 16.11, 28.847330972
22.16, 20.2, 27.3865115054
22.82, 19.32, 25.638506958
29.91, 30.9, 69.6390638509
38.68, 25.89, 41.3036617521
37.66, 24.89, 32.4763706319
39.63, 25.51, 64.3521194561
39.95, 20.21, 37.1660299188
34.59, 16.18, 38.8669216786
30.52, 20.8, 38.138201113
30.08, 25.52, 43.4258434413
28.45, 38.1, 38.4349779274
28.29, 48.97, 36.2396348939
25.94, 51.18, 29.6332984732
27.55, 44.56, 30.7109436346
26.67, 26.9, 31.4015619484
28.3, 36.34, 32.3929281319
33.97, 25.47, 35.2355636292
28.65, 29.67, 32.4065676484
22.9, 22.33, 29.0735867134
21.43, 20.29, 27.7792369645

Day8
17.81, 15.78, 26.2834525414
16.57, 17.92, 30.5926221232
16.56, 17.48, 28.4857625345
16.47, 16.82, 30.4966913415
18.38, 18.64, 20.3300926953
22.52, 19.92, 23.5654070066
35.0, 22.96, 70.6346796624
43.86, 29.07, 31.6379828447
45.46, 27.43, 27.5287597737
47.09, 28.55, 63.7077000715
47.74, 32.15, 39.1207180935
50.57, 33.78, 32.9615686296
51.25, 52.86, 41.4868001842
56.89, 37.54, 50.531091291
57.71, 65.48, 37.8914238444
55.88, 60.66, 32.4916074504
54.0, 91.37, 33.6857758205
50.0, 38.1, 33.3353264755
46.8, 41.54, 31.1334498064
46.0, 51.0, 33.2846068565
52.24, 84.49, 38.2826963473
44.09, 38.02, 41.0365182821
30.23, 70.36, 34.0667241023
23.01, 34.93, 29.4898468517

Day9
17.22, 76.38, 22.8538945301
15.94, 25.37, 32.2808951841
15.22, 23.75, 32.5401527685
16.02, 24.07, 28.5314553427
18.41, 26.34, 20.3946477262
22.16, 29.11, 21.6121234732
34.45, 27.45, 70.7410345657
34.29, 34.01, 29.4752341754
38.28, 39.58, 26.2884334015
42.46, 43.0, 62.5380855817
41.03, 41.75, 38.8540132848
51.7, 59.34, 32.5638137112
52.99, 44.08, 41.1095419293
57.08, 43.85, 52.3205448562
59.65, 67.29, 37.0958874806
55.15, 82.6, 29.5229696882
48.79, 50.27, 32.9899852861
46.19, 37.17, 32.0925294927
41.18, 33.13, 33.8537774742
43.49, 52.66, 34.7166385356
45.5, 42.12, 35.0694528543
37.86, 31.32, 43.7669813995
32.03, 37.53, 34.752282794
28.07, 29.45, 30.3131697242

Day10
22.88, 21.59, 25.0680332241
20.48, 21.95, 32.5045784405
20.04, 21.79, 32.7217441135
20.24, 21.4, 30.0909042793
20.32, 23.73, 18.2087014024
26.71, 24.62, 22.0224738031
31.79, 25.53, 70.9722790631
35.61, 28.8, 27.6745202989
39.45, 38.75, 25.4212969793
44.97, 35.63, 62.9411377711
47.82, 41.5, 39.6024990256
49.46, 44.13, 30.9931017231
51.13, 41.01, 42.3196764237
52.18, 38.01, 53.5480891967
52.66, 37.3, 37.3567534736
52.47, 36.97, 29.9730214052
51.86, 53.58, 34.5980835276
46.98, 38.21, 33.5526746949
39.86, 30.69, 32.3212931968
39.56, 27.23, 34.2379315067
45.76, 21.97, 37.692253523
37.95, 25.23, 44.9749824158
28.38, 27.21, 35.9246654565
22.78, 28.01, 30.4078225501
ILLINOIS.HUB
Day Ahead, Real Time, NN Output

Day1
29.21, 28.07, 22.1793809268
25.6, 22.74, 25.0173606728
25.02, 22.5, 36.4305695075
25.07, 20.55, 27.5913073317
25.63, 29.36, 20.5008389607
30.38, 30.06, 21.3890775634
36.59, 26.12, 62.8373242704
40.95, 30.48, 34.3256416249
41.93, 39.28, 25.9315869901
43.35, 40.14, 52.2840293861
44.4, 43.39, 39.9809968897
44.08, 74.55, 37.7763132727
43.72, 41.78, 33.0709636026
45.45, 36.51, 55.3326047093
45.05, 39.33, 32.4103465262
44.31, 50.6, 37.2446324585
41.13, 58.72, 38.6103919174
38.96, 66.25, 32.8722061558
37.85, 58.67, 24.7906355215
44.34, 39.21, 28.7641325416
46.3, 44.66, 31.9721291918
36.9, 39.05, 39.0776963359
29.33, 26.87, 37.0111875844
28.01, 41.36, 32.1269021135

Day2
26.17, 28.11, 21.2866009808
24.27, 25.47, 24.1138611133
24.3, 23.73, 37.6093787702
24.03, 22.56, 26.9008116785
24.64, 26.31, 20.787587883
30.06, 103.03, 20.9691868093
35.54, 36.72, 61.7245701568
39.65, 39.53, 34.8329895337
42.34, 44.77, 25.8003117229
44.56, 53.93, 50.5642937788
44.98, 49.75, 39.9800782166
44.34, 52.0, 38.5706649074
45.87, 43.25, 31.7297427839
45.37, 42.73, 55.9729794706
45.46, 43.01, 31.5175535169
45.14, 31.94, 37.7431849065
43.86, 35.92, 39.1585211779
42.75, 36.02, 32.6149986064
39.46, 26.33, 24.1287635288
43.55, 39.86, 28.1835148661
47.85, 42.05, 30.6928773267
38.44, 37.71, 38.6422496872
32.03, 29.39, 37.3058415875
29.11, 23.46, 32.5105558799

Day3
25.44, 11.73, 22.2167078416
24.03, 14.24, 25.0952519613
23.46, 4.26, 36.3585141882
23.52, 9.54, 27.6333677657
24.73, 14.57, 20.4959667169
28.2, 28.3, 21.4159474201
34.46, 36.31, 62.9043497522
39.15, 58.9, 34.3097126352
39.57, 37.1, 25.9414702171
42.39, 36.8, 52.3954544374
42.99, 53.51, 39.9809156745
43.72, 31.71, 37.7458276392
46.6, 23.52, 33.1486522017
46.64, 30.78, 55.2740789208
45.42, 27.44, 32.4766534385
44.01, 26.95, 37.2177715242
41.93, 26.57, 38.5557135757
38.92, 26.28, 32.8775319556
34.63, 25.99, 24.8446768086
37.75, 28.79, 28.8098701191
42.49, 31.17, 32.0366469961
34.03, 26.02, 39.1117112066
29.06, 24.67, 36.9851753968
27.36, 44.94, 32.1017049646

Day4
27.59, 47.16, 1.42954238657
26.81, 59.12, 4.06932474303
23.8, 49.18, 63.9690284361
24.22, 44.45, 11.5675772138
25.34, 18.2, 27.0647650971
33.31, 5.24, 11.5982300162
41.06, 47.42, 36.9498969529
43.51, 36.6, 46.0009006462
60.97, 19.0, 22.7991829186
61.26, 32.37, 12.2605450852
62.46, 23.76, 39.9972185371
60.65, 51.24, 56.1889676202
63.37, 34.23, 1.90884434256
59.84, 16.87, 70.3225709449
59.04, 11.11, 11.6431514227
56.01, 17.21, 48.8147885807
53.29, 20.83, 51.4185707686
51.12, 27.88, 26.9292445775
37.45, 32.61, 9.37247999329
40.57, 26.74, 15.2667980777
43.86, 25.23, 2.26036530205
38.07, 23.43, 29.0838143793
31.46, 25.02, 43.9425365948
29.88, 26.34, 41.0778644527

Day5
25.64, 18.85, 27.9269948422
24.66, 17.06, 30.5848366736
23.47, 19.61, 28.6946329369
23.35, 19.54, 31.9424157601
22.94, 26.99, 18.7977595043
23.39, 19.18, 24.1100844269
25.84, 21.92, 69.9577454255
28.66, 25.22, 31.2364509671
36.61, 26.32, 26.8962211868
38.01, 23.52, 63.2838280562
36.62, 22.3, 39.9232200608
35.84, 23.54, 32.7363249069
33.44, 23.16, 41.5988662399
30.71, 23.12, 51.1570353403
29.65, 22.45, 38.0688287427
28.57, 19.14, 34.0901822559
28.84, 21.83, 35.093757878
29.76, 21.32, 34.4903054704
29.3, 22.65, 29.0020291243
34.32, 30.46, 32.4192945787
38.81, 31.1, 40.1277518876
32.3, 25.08, 41.6000489435
27.54, 23.35, 35.028162893
25.63, 22.73, 29.6357303315

Day6
24.38, 18.26, 28.1819866507
24.08, 19.88, 30.7088383142
23.84, 19.8, 28.3757332319
23.39, 18.1, 32.0935836065
22.63, 21.67, 18.7311642537
22.1, 26.27, 24.2152293925
24.55, 26.38, 70.2237483737
28.07, 30.31, 31.1170736355
30.74, 31.57, 26.9489597447
34.95, 26.54, 63.6778888438
33.47, 25.38, 39.9108283174
32.1, 26.62, 32.5190426437
29.6, 24.37, 41.9152956496
28.24, 25.26, 51.0299753466
27.25, 28.04, 38.2450243164
26.71, 25.35, 33.9719049453
28.05, 27.61, 35.0060989831
29.28, 24.15, 34.5675160527
29.8, 25.17, 29.1257689101
36.21, 24.94, 32.5238985535
45.18, 24.85, 40.4537405455
34.75, 24.71, 41.6335407837
26.83, 24.93, 34.9548798087
24.83, 11.41, 29.5408791578

Day7
20.91, 18.96, 27.3143890881
20.08, 24.4, 29.9683005906
20.61, 13.06, 28.24381532
22.16, 16.36, 31.4132331607
23.69, 12.57, 19.7988381971
27.24, 25.62, 24.1443995213
38.03, 33.72, 69.5591564298
41.28, 31.37, 32.4938997656
37.96, 32.4, 27.4430062296
40.39, 26.41, 62.8651118958
38.64, 23.82, 39.6417660641
38.83, 25.61, 33.6733834547
37.01, 24.36, 40.7991747674
36.5, 25.71, 50.4994256864
36.12, 24.91, 37.8550324554
34.42, 29.07, 34.506576692
33.73, 26.63, 34.659090294
34.57, 32.75, 34.0014477035
32.96, 29.18, 29.0445199766
36.55, 48.52, 32.2369965594
37.43, 34.62, 39.203536708
30.21, 30.87, 40.5126762428
26.5, 38.57, 34.484526469
23.83, 26.89, 29.5559003677

Day8
23.12, 24.49, 25.0733489226
22.6, 21.47, 27.9391738428
21.91, 25.15, 32.3984272939
21.99, 19.01, 29.8177326066
23.66, 22.11, 19.708196305
26.22, 30.57, 22.8039347396
34.42, 40.62, 66.5032680558
37.32, 29.75, 32.8358296407
37.0, 27.25, 26.4654232608
37.94, 28.67, 57.9814921942
38.34, 25.48, 39.936008253
38.77, 32.0, 35.2681424824
38.51, 52.23, 37.4353034041
41.14, 35.35, 53.0755189061
41.45, 65.85, 35.3671390546
41.43, 63.72, 35.6424551964
40.41, 94.39, 36.7010266587
38.87, 40.39, 33.6535956826
34.58, 47.94, 27.0164372755
35.88, 57.44, 30.6795632715
40.37, 96.9, 36.1087089416
30.85, 36.57, 40.3511591973
25.55, 67.5, 35.9310909861
23.66, 39.82, 30.8264916684

Day9
19.21, 85.05, 7.60155427234
18.1, 35.32, 10.3932401692
18.41, 24.78, 55.6727725621
18.65, 26.51, 16.3617746223
18.9, 27.58, 25.1611691498
22.73, 30.07, 14.54475019
33.52, 27.7, 44.7126262678
37.16, 33.64, 42.5775041765
38.46, 41.9, 23.7673158584
41.24, 49.05, 24.2888292375
44.37, 47.63, 39.9805309236
48.03, 64.35, 50.7341220586
47.96, 50.27, 11.233178174
53.02, 50.08, 65.7447241108
53.85, 73.24, 17.9039195872
51.88, 88.26, 45.3619660319
52.94, 57.23, 47.5016341849
51.93, 38.8, 28.6715340968
46.06, 37.82, 14.0401128797
47.94, 56.02, 19.3397157201
49.4, 46.23, 11.1220518741
39.13, 29.95, 32.0609279238
29.17, 36.41, 41.818321502
26.02, 29.2, 38.3798348484

Day10
24.93, 21.82, 18.9658495053
24.28, 28.81, 21.8065670978
23.77, 23.18, 40.7068751636
23.68, 19.11, 25.1219860174
24.24, 20.39, 21.5036726745
27.31, 24.08, 19.8725785157
32.71, 26.68, 58.8364954309
36.81, 28.68, 36.1160818579
38.97, 41.94, 25.434722401
43.79, 41.04, 46.1003214646
45.61, 46.2, 39.99021053
45.82, 48.03, 40.6205396608
46.9, 44.48, 28.2600936203
47.67, 35.93, 57.6540817497
48.08, 34.9, 29.2087136985
48.07, 35.16, 39.0295393858
48.3, 50.93, 40.587048277
45.12, 36.11, 31.954851106
38.77, 29.38, 22.4128857765
36.58, 26.31, 26.6864236601
42.38, 27.71, 27.3810870567
34.76, 29.06, 37.5623731789
29.11, 24.16, 38.0912705051
25.71, 25.72, 33.5137568036
MICHIGAN.HUB
Day Ahead, Real Time, NN Output

Day1
26.75, 30.82, 23.7903780925
25.63, 35.72, 25.3917814426
25.05, 32.07, 30.9002156017
25.12, 48.67, 30.2144716358
26.59, 35.64, 31.2918497427
30.49, 30.72, 28.7484923848
37.13, 28.31, 66.5819531844
41.55, 30.37, 40.5001071095
44.78, 35.79, 30.0235167238
46.18, 37.35, 54.7647704123
47.27, 42.5, 38.3203154244
47.47, 72.76, 41.8026681739
47.19, 38.27, 34.4736041181
48.01, 35.95, 52.9378694065
48.25, 37.23, 34.361822037
47.58, 36.43, 39.5864981915
44.11, 39.78, 36.0370660351
39.76, 55.5, 31.8130346951
37.29, 65.86, 28.6080830168
44.8, 48.49, 34.3575674377
46.8, 48.86, 30.7714006957
36.21, 30.68, 31.589630637
27.74, 27.78, 33.1408178463
26.68, 36.28, 31.8774097369

Day2
28.89, 25.01, 23.6090125099
27.59, 24.88, 25.5833233014
27.01, 26.0, 31.1716949614
27.8, 39.91, 30.0907409357
30.68, 41.29, 31.2164006861
35.18, 111.43, 28.5901264996
37.64, 29.87, 66.732712648
42.4, 30.55, 40.1585375569
42.64, 33.39, 29.9070372352
45.64, 40.25, 54.8296381166
47.2, 39.35, 38.2908385685
46.33, 49.57, 41.5943142785
48.38, 43.82, 34.6131184604
47.22, 37.67, 53.1171065047
47.66, 41.1, 34.3408680092
47.29, 36.82, 39.2015901374
46.51, 33.74, 35.9780692385
43.52, 40.18, 31.7537639856
38.17, 33.54, 28.9195605294
44.4, 47.74, 34.5346845056
45.37, 31.79, 30.6449309056
37.48, 29.16, 31.8914833538
30.89, 33.88, 33.2037123143
29.17, 32.02, 31.921137106

Day3
30.49, 17.0, 23.7446679553
29.48, 22.71, 25.4835258388
28.14, 32.17, 30.9598231969
29.35, 16.69, 30.1983900057
32.18, 42.57, 31.2718864035
35.88, 33.51, 28.7154485309
40.11, 38.55, 66.6382842411
40.94, 61.1, 40.4083754538
43.41, 32.7, 29.9912020501
47.01, 32.31, 54.8144051326
46.4, 43.61, 38.3159825391
48.82, 32.82, 41.7482604405
52.28, 40.3, 34.5309967785
52.7, 36.32, 52.962948978
51.29, 29.04, 34.3828467946
46.8, 33.12, 39.4816720367
45.06, 28.53, 35.9979152929
41.0, 27.4, 31.795981521
37.16, 27.1, 28.7098355462
40.26, 30.01, 34.4238202758
48.25, 29.5, 30.7515689269
35.82, 27.19, 31.6920400083
32.09, 25.79, 33.1509569263
29.05, 27.47, 31.8830020582

Day4
30.91, 23.42, 23.8251237569
28.5, 27.54, 25.5844782451
27.82, 18.99, 30.878536734
28.67, 23.16, 30.2363509546
30.74, 16.91, 31.2117207967
37.63, 21.11, 28.7204184615
38.9, 27.87, 66.8065419362
42.07, 29.42, 40.2525730105
45.89, 23.14, 29.9844501539
46.04, 28.26, 55.0192933182
47.67, 32.73, 38.3020682882
46.3, 35.13, 41.5796517827
48.27, 30.92, 34.7219131474
47.15, 29.11, 52.9563917338
46.31, 24.41, 34.4571443735
46.12, 27.02, 39.3191095631
43.13, 26.75, 35.9479318862
39.83, 24.02, 31.8211360498
37.04, 24.63, 28.8470089391
40.62, 26.23, 34.5155225381
44.73, 25.94, 30.8802887412
38.5, 24.74, 31.7872378537
32.74, 26.04, 33.1357804801
31.61, 27.62, 31.8492724469

Day5
31.69, 25.3, 24.2832634997
30.69, 23.19, 25.457780634
29.47, 26.85, 30.2378965617
29.69, 25.34, 30.5491339203
30.13, 22.7, 31.2572963949
30.57, 23.41, 29.0323138542
34.44, 26.05, 66.8153739041
39.64, 26.59, 40.6363510808
40.9, 28.57, 30.1841029573
41.55, 25.69, 55.268426074
41.18, 25.5, 38.340658046
41.1, 24.95, 41.7042608283
38.63, 27.66, 34.7934948236
34.06, 24.82, 52.580651186
32.21, 26.81, 34.6539948082
31.15, 29.27, 39.7694406369
31.48, 24.78, 35.9399106137
31.87, 27.93, 31.96573455
30.94, 24.88, 28.5192233487
38.42, 32.8, 34.3647148618
41.2, 32.71, 31.3314149374
33.48, 26.22, 31.4197223334
29.38, 24.52, 32.9867065135
28.55, 24.05, 31.7081571513

Day6
25.95, 20.32, 23.8946997878
25.62, 20.83, 25.6565856603
25.18, 20.79, 30.7632201346
24.78, 19.05, 30.3153428888
25.03, 23.51, 31.2171814497
24.92, 28.35, 28.7821727752
26.9, 27.9, 66.8487061968
29.87, 31.77, 40.2963364599
32.82, 34.25, 30.0083556969
37.73, 27.9, 55.1284800701
36.07, 26.68, 38.3137254058
34.16, 28.05, 41.592316457
31.18, 25.66, 34.7819492111
29.69, 26.57, 52.8584433735
28.37, 29.5, 34.5421827608
27.54, 26.71, 39.3677874662
28.92, 29.27, 35.8957498481
29.97, 25.67, 31.838613824
30.5, 26.75, 28.8485568184
37.32, 26.38, 34.5401583715
47.15, 26.04, 30.9742086871
37.08, 26.32, 31.7875599585
27.97, 24.68, 33.1009819445
25.92, 25.21, 31.8169053592

Day7
26.83, 19.16, 24.0350201808
25.08, 19.78, 25.5800649521
25.84, 19.11, 30.5698326264
27.17, 20.69, 30.4035117149
31.12, 28.74, 31.2357429351
39.87, 26.49, 28.8770041954
44.64, 38.47, 66.8231862416
44.75, 26.61, 40.4383973381
43.03, 26.07, 30.0746447973
45.91, 26.6, 55.1689573068
43.75, 25.9, 38.3263433696
44.01, 26.62, 41.6497745688
41.84, 25.3, 34.772650719
41.28, 26.64, 52.7494827649
40.99, 25.71, 34.5828744042
41.23, 29.88, 39.5343124717
39.17, 27.37, 35.9128938831
39.93, 29.44, 31.8845551115
38.35, 30.17, 28.7139894301
40.9, 40.01, 34.4678582013
41.57, 29.05, 31.1010982094
34.26, 31.81, 31.6452556612
33.05, 24.07, 33.0584787114
32.17, 22.77, 31.7775745652

Day8
29.28, 17.85, 23.2392374578
27.54, 19.44, 25.9109756972
27.71, 19.62, 31.6663453036
28.51, 18.91, 29.8922178319
32.48, 21.53, 31.1488414191
34.11, 28.26, 28.3459689367
38.79, 26.71, 66.869575402
41.6, 31.49, 39.7329625609
40.64, 28.67, 29.7168652023
41.06, 29.85, 54.8297556694
41.61, 33.59, 38.2631084698
41.29, 34.48, 41.4067051393
41.38, 53.53, 34.7199493866
44.33, 37.99, 53.3646617153
44.33, 67.56, 34.3042236879
48.08, 64.88, 38.7053656394
44.72, 95.67, 35.8669207115
42.93, 41.15, 31.6284051432
37.91, 45.57, 29.3594342027
40.25, 58.63, 34.793823342
44.48, 98.96, 30.3496240991
34.9, 37.19, 32.3599807355
30.32, 69.73, 33.3052484031
31.56, 38.11, 32.0100628359

Day9
25.32, 78.15, 21.3480328474
23.76, 26.89, 26.3074822724
23.64, 25.99, 34.3506765073
24.14, 26.72, 28.5449859011
26.55, 28.95, 30.9484112249
29.26, 31.47, 27.0227376141
37.63, 28.95, 66.8087344751
40.99, 35.08, 38.1127118071
42.56, 40.88, 28.8921522471
46.53, 44.14, 53.7220727182
47.61, 42.64, 38.0870931333
53.33, 60.87, 40.85207125
51.53, 45.3, 34.3915480261
56.46, 44.74, 55.0013127937
56.09, 68.07, 33.4077941243
53.66, 83.3, 36.8140917268
55.45, 51.61, 35.975723759
55.49, 38.43, 31.0393136917
49.21, 34.34, 30.6765580741
51.44, 54.6, 35.3706167882
53.8, 43.44, 28.4572345521
42.23, 30.87, 33.8231260171
37.33, 38.05, 33.9430028531
35.89, 30.79, 32.611650865

Day10
28.07, 22.98, 22.3173425708
27.63, 24.01, 26.0057733865
26.99, 24.32, 32.9459676072
27.46, 25.12, 29.2529734184
27.7, 27.96, 31.1108084597
31.32, 27.72, 27.7457542936
35.56, 28.46, 66.6994884388
40.38, 30.26, 39.1356083582
42.72, 40.46, 29.3508183241
48.01, 36.3, 54.1567354154
50.02, 41.38, 38.1956481131
49.77, 42.94, 41.3010508127
53.63, 39.52, 34.4097483881
51.53, 36.73, 54.1073773528
52.34, 36.14, 33.8378105942
52.38, 36.57, 37.991055458
52.83, 52.44, 35.9572981066
48.74, 37.31, 31.3409334398
41.26, 30.5, 29.8378327461
40.43, 27.47, 34.9772017776
46.4, 28.95, 29.3863001517
35.24, 30.34, 32.9393536325
31.51, 25.32, 33.6053248461
32.89, 27.17, 32.3100434404
INDIANA.HUB
Day Ahead, Real Time, NN Output

Day1
26.11, 27.93, 20.4632500195
25.18, 26.11, 19.7614885126
24.57, 26.31, 21.6864549861
24.62, 29.63, 24.2720766701
26.17, 30.02, 32.5670879474
29.94, 28.62, 24.6425508536
35.82, 26.15, 64.3267946812
41.21, 30.07, 48.5709127099
44.3, 35.6, 34.8865668551
46.04, 37.05, 56.9086241591
47.15, 41.82, 35.7400846413
47.39, 71.07, 44.9894206981
47.17, 37.94, 30.3597249872
47.92, 35.67, 42.7916975579
48.15, 36.67, 34.1259766899
47.53, 35.91, 39.8903232631
44.2, 39.41, 30.2369037226
39.93, 53.91, 28.1359542642
36.74, 62.81, 28.62333805
44.11, 46.71, 28.9846779312
46.11, 48.11, 27.8208169363
35.57, 30.17, 24.8941604251
27.33, 27.43, 27.5188770122
26.28, 36.64, 28.4849152562

Day2
26.25, 24.47, 22.4180850893
25.39, 24.25, 22.9095936424
24.85, 24.66, 24.5715840588
25.1, 27.69, 26.4368654783
26.37, 29.05, 28.2348276092
31.44, 91.19, 24.2607524124
36.16, 27.46, 65.6166391471
41.87, 30.18, 43.1862780277
42.09, 32.73, 32.211257268
45.42, 39.64, 58.1555807157
46.77, 38.58, 37.1095880785
46.26, 44.84, 41.4191270566
47.8, 42.25, 33.361079275
47.16, 36.98, 45.8059254382
47.58, 40.07, 35.0003984849
47.18, 33.9, 38.2474104311
45.64, 31.82, 32.0497917348
42.69, 36.22, 30.062845644
37.4, 28.93, 28.4541791651
44.12, 36.23, 29.8463905301
44.99, 29.95, 31.1773352954
36.68, 26.26, 30.1660446684
29.25, 22.69, 30.1060528419
26.86, 20.03, 29.050473226

Day3
26.8, 10.24, 22.6728611315
25.82, 17.56, 23.5114244266
25.03, 14.36, 25.3425412223
25.39, 12.19, 26.8125190957
27.51, 23.7, 27.3556492308
31.67, 26.53, 24.1235384351
34.99, 32.85, 65.690318263
37.49, 60.79, 42.1331274166
38.72, 32.56, 31.6045563696
41.73, 32.09, 58.1646568777
41.84, 44.08, 37.3965519638
43.54, 32.69, 40.8050043605
46.29, 48.53, 33.7842893891
46.27, 33.99, 46.4666089011
45.96, 28.72, 35.0841596173
46.28, 29.75, 37.989092742
43.59, 27.75, 32.4559245834
40.05, 27.21, 30.4099872219
35.68, 26.89, 28.3184323658
39.1, 29.84, 29.9522329628
46.19, 29.54, 31.6857410565
33.45, 26.73, 31.2433644186
27.43, 25.39, 30.6749441492
26.58, 27.02, 29.2084618692

Day4
27.07, 23.07, 22.7400568752
25.74, 25.3, 21.3770888891
25.47, 18.62, 15.5861278862
26.04, 28.13, 25.6449898938
27.35, 21.54, 33.9693045784
32.87, 31.88, 26.4516481711
37.36, 41.26, 67.8592461636
41.75, 34.36, 49.7184635927
46.3, 21.91, 36.9312967727
46.56, 24.01, 62.7478001427
47.97, 35.48, 34.9689718594
46.8, 26.18, 44.0090212477
48.66, 23.8, 33.7581644299
47.07, 24.15, 38.6885655969
46.35, 23.87, 37.0115621739
45.42, 22.84, 38.9190841471
42.47, 21.38, 27.1472044889
39.31, 20.91, 28.0232047972
36.05, 20.67, 31.2646233021
40.28, 26.34, 30.713074783
44.41, 25.11, 30.7614879358
38.07, 24.47, 23.5419629554
32.47, 25.67, 24.9391587112
30.7, 22.35, 26.7235508829

Day5
26.43, 21.7, 19.6629026067
25.36, 21.44, 13.7760909973
24.23, 21.8, -0.424525838946
24.2, 22.84, 20.7926502025
24.97, 21.37, 48.6258185444
25.75, 19.97, 29.7711111274
28.16, 22.94, 68.2149110651
36.12, 26.56, 67.2285140249
38.22, 27.55, 47.4171718494
40.01, 25.06, 65.9837594737
38.54, 24.66, 29.9233981479
37.73, 24.48, 53.4978414094
35.39, 24.18, 28.8283382268
32.09, 24.17, 24.7532167627
30.68, 24.06, 37.8079045081
29.81, 25.78, 42.6836511622
30.03, 23.21, 18.0551846185
30.24, 24.84, 22.1303812604
29.6, 23.62, 34.8852029181
35.26, 31.84, 30.1566199408
39.77, 32.41, 24.2554693415
32.44, 26.03, 6.03905572238
27.55, 24.34, 14.0862801423
26.55, 23.79, 22.9075616847

Day6
25.61, 19.05, 23.1603327485
25.14, 20.62, 18.5272690011
24.66, 20.58, 7.97602086995
24.45, 18.82, 24.5182373543
25.02, 22.56, 38.9244268306
25.11, 27.47, 28.1842689853
25.81, 27.21, 69.1846454605
28.28, 31.32, 55.4793103974
30.17, 33.67, 41.1002738934
34.32, 27.32, 65.6124382065
34.22, 26.16, 32.9796621765
32.8, 27.5, 46.1931748965
30.28, 25.15, 33.4139824846
28.7, 26.0, 33.1882999395
27.65, 28.82, 37.8523541062
26.96, 25.93, 39.7482874656
28.21, 28.32, 23.7513705286
29.21, 24.89, 26.3690186828
29.76, 25.95, 32.8419127832
36.44, 25.68, 30.7178234375
47.01, 25.43, 30.1158843543
35.72, 25.86, 16.8337549872
27.38, 23.88, 20.6332028062
25.94, 19.38, 24.8487213912

Day7
25.58, 14.52, 17.5296373461
23.95, 15.47, 11.2847075437
23.76, 11.49, -4.8710473769
24.52, 15.03, 18.6906004919
27.06, 24.81, 54.0446962037
34.25, 30.04, 30.6010223521
38.35, 55.28, 67.5896565101
40.21, 30.3, 73.7967022222
38.02, 24.61, 50.86535784
40.75, 25.31, 66.0810856521
38.51, 24.98, 28.2623780506
38.15, 25.75, 57.6993686001
36.21, 24.54, 26.1751408893
35.53, 26.11, 20.084528873
35.24, 25.43, 37.7928398547
34.44, 29.06, 44.3518993361
33.56, 27.4, 14.8432056942
33.75, 29.45, 19.7165762719
33.09, 30.21, 36.0600422303
35.94, 40.06, 29.8864712876
36.99, 31.0, 20.8278214831
29.5, 33.37, 0.187553387992
26.75, 25.17, 10.4927227164
26.95, 24.65, 21.88171911

Day8
24.16, 18.35, 20.8432100315
23.19, 19.67, 18.2847387587
23.2, 20.82, 9.71582008136
23.7, 20.14, 23.3933932699
25.59, 23.04, 40.1449595974
29.07, 24.03, 27.6055508152
34.32, 24.29, 67.4831779021
37.89, 30.06, 57.1741045706
37.05, 26.21, 41.0892425544
38.23, 28.44, 63.3656576091
38.75, 32.45, 32.9499273292
39.28, 33.54, 48.4343767225
39.68, 52.68, 31.1188080246
42.39, 39.57, 33.1044895716
42.9, 68.32, 37.1102952568
43.22, 65.02, 40.702500862
41.96, 96.05, 23.4315432176
40.05, 41.39, 25.3919940403
35.5, 45.59, 32.6211539868
36.94, 58.61, 30.3850304963
42.23, 98.83, 27.3775516519
31.49, 37.21, 16.4683564091
26.4, 69.26, 20.6105654115
25.29, 37.61, 25.3421304288

Day9
24.24, 76.87, 17.6491848578
21.44, 26.45, 16.7013241623
21.2, 25.59, 24.053272059
22.45, 26.31, 21.9506891935
26.28, 28.54, 34.404589031
32.24, 31.1, 23.6498734191
40.11, 28.61, 61.190526964
43.37, 34.35, 51.2188383317
44.01, 40.04, 35.2216194543
47.26, 43.05, 52.2096318463
49.33, 41.78, 35.4135621762
52.81, 59.83, 47.9422390611
52.61, 44.45, 26.1845101967
58.47, 44.1, 43.7222610051
59.18, 67.27, 31.6329038913
56.89, 82.46, 41.5637585576
57.64, 51.19, 31.1911716333
55.71, 38.05, 26.9930159427
50.49, 33.84, 27.024443457
53.2, 53.83, 27.3191048489
55.99, 42.93, 23.6753936449
43.53, 30.55, 22.5162993316
38.63, 37.35, 27.6512518803
34.7, 30.13, 29.3534745772

Day10
26.08, 22.56, 19.3584959156
25.37, 23.55, 20.6827208157
24.91, 23.88, 33.9887100464
25.1, 24.67, 24.6171216775
26.29, 27.34, 25.616905926
30.98, 27.19, 21.5178061493
34.38, 27.93, 60.5578124386
40.09, 29.55, 40.7949358544
42.28, 39.51, 28.8870475376
46.9, 35.67, 49.5863297287
49.58, 40.87, 38.4151498369
49.95, 42.65, 42.369888538
51.87, 39.2, 28.6815084707
52.39, 36.5, 52.4212165733
52.9, 35.95, 30.7206847556
53.22, 36.31, 39.4723089715
53.74, 52.15, 37.0115648478
49.5, 37.11, 30.5199034515
42.08, 30.23, 24.454454276
41.6, 27.14, 27.3218601001
47.3, 28.62, 27.2551213654
35.16, 29.98, 32.708398741
29.09, 24.92, 34.2961563598
27.01, 26.71, 31.7652239049
